2
25 2
!velocity of hangwall: thickness, vp,vs,rho; this comment line is necessary in data format
1.0e3 2.744e3 1.640e3 2.263e3
1.0e3 3.338e3 2.063e3 2.327e3
1.0e3 3.801e3 2.381e3 2.379e3
1.0e3 4.191e3 2.604e3 2.423e3
1.0e3 4.480e3 2.781e3 2.470e3
1.0e3 4.754e3 2.933e3 2.510e3
1.0e3 4.956e3 3.074e3 2.545e3
1.0e3 5.158e3 3.180e3 2.583e3
1.0e3 5.388e3 3.286e3 2.618e3
1.0e3 5.517e3 3.380e3 2.646e3
1.0e3 5.704e3 3.439e3 2.677e3
1.0e3 5.818e3 3.498e3 2.702e3
1.0e3 5.918e3 3.556e3 2.728e3
1.0e3 6.033e3 3.615e3 2.752e3
1.0e3 6.133e3 3.639e3 2.770e3
1.0e3 6.218e3 3.697e3 2.789e3
1.0e3 6.274e3 3.709e3 2.808e3
1.0e3 6.330e3 3.745e3 2.822e3
1.0e3 6.372e3 3.756e3 2.828e3
1.0e3 6.428e3 3.768e3 2.842e3
1.0e3 6.499e3 3.803e3 2.852e3
1.0e3 6.570e3 3.815e3 2.863e3
1.0e3 6.597e3 3.850e3 2.870e3
1.0e3 6.610e3 3.862e3 2.877e3
100.0e3 6.651e3 3.886e3 2.882e3
!velocity of footwall: thickness, vp,vs,rho, this comment line is necessary in data format
2.0e3  5.0e3    2.5e3    2.6e3
100.e3  6.0e3    3.5e3    2.7e3 
